0000001 0000001 0000000 00000000101
0000001 0000010 0000001 00000000011
0000000 0000011 0000001 00000000010
0000001 0000100 0000111 10000000011
0000010 0000101 0000000 10000000100
0000011 0000110 0000011 00000000010
0000010 0000111 0000100 10000000100
0000100 0001000 0000110 10000000010
0000101 0001001 0000000 00000000100
0000110 0000011 0000000 00000000000
0000111 0000001 0000110 00000000001
0000001 0001010 0000000 00000001111
0000001 0001011 0000000 00000001011
0001000 0000000 0000000 00000000010
0000001 0001010 0000000 00000000010
0000001 0001011 0000000 00000000010
0000001 0001011 0000000 00000000011
0001010 0001100 0001001 00000000001
endFile